$ 1 0.000005 10.20027730826997 55 5 43
t 288 144 320 144 0 1 -4.24791179105935 0.7520882089406498 100
r 256 144 256 48 0 1000
v 112 48 224 48 0 0 40 5 0 0 0.5
w 224 48 256 48 0
w 112 192 256 192 0
s 112 144 160 144 0 1 false
w 320 128 320 48 3
w 256 48 320 48 0
w 256 192 320 192 0
w 320 192 320 160 3
w 112 192 112 144 0
w 112 144 112 48 1
w 224 144 256 144 0
w 256 144 288 144 0
v 32 256 144 256 0 0 40 5 0 0 0.5
t 272 304 304 304 0 1 -4.999999998900001 1.0999990469684466e-9 100
w 256 256 304 256 0
w 304 256 304 288 0
w 304 320 304 352 0
r 192 304 272 304 0 1000
s 144 304 192 304 0 1 false
w 144 304 144 256 0
w 144 256 256 256 3
w 32 256 32 352 0
r 192 304 192 352 0 10000
w 304 352 192 352 0
w 192 352 32 352 0
w 160 144 224 144 0
